cam0=[5299.313 0 1263.818; 0 5299.313 977.763; 0 0 1]
cam1=[5299.313 0 1438.004; 0 5299.313 977.763; 0 0 1]
baseline=177.288
